-----WEIGHTED CAREER APPROXIMATE VALUE FEATURE IMPORTANCE-----
- pc6: 0.18834814
- pc5: 0.13694613
- pc2: 0.1270949
- pc4: 0.1106242
- pc8: 0.09379689
- pc10: 0.08835608
- pc9: 0.08090378
- pc3: 0.06906
- pc7: 0.06379891
- pc1: 0.041070975