-----NUMBER OF YEARS AS A STARTER FEATURE IMPORTANCE-----
- pc9: 0.13121045
- pc10: 0.120605424
- pc4: 0.11902143
- pc6: 0.11551765
- pc3: 0.110815845
- pc2: 0.106870405
- pc8: 0.09300232
- pc5: 0.092108585
- pc7: 0.06118929