-----CLUSTER FEATURE IMPORTANCE-----
- pc3: 0.13279055
- pc4: 0.123883754
- pc1: 0.10716484
- pc5: 0.10583071
- pc2: 0.09786001
- pc8: 0.09445417
- pc6: 0.09068851
- pc10: 0.09001795
- pc9: 0.08828205