-----PRO BOWL SELECTIONS FEATURE IMPORTANCE-----
- pc10: 0.14893186
- pc2: 0.14403526
- pc5: 0.12457772
- pc9: 0.121607736
- pc6: 0.117896035
- pc8: 0.106985845
- pc4: 0.098919466